service_id,monday,tuesday,wednesday,thursday,friday,saturday,sunday,start_date,end_date
39101,1,1,1,1,1,0,0,20121022,20121215
39102,1,1,1,1,0,0,0,20121022,20121215
39103,0,1,1,1,1,0,0,20121022,20121215
39104,0,1,1,1,1,0,0,20121022,20121215
39105,0,0,0,0,1,0,0,20121022,20121215
39106,0,0,0,0,0,1,0,20121022,20121215
39107,0,0,0,0,0,1,0,20121022,20121215
39108,0,0,0,0,0,0,1,20121022,20121215
39109,0,0,0,0,0,0,1,20121022,20121215
39110,0,0,1,1,1,1,0,20121022,20121215
39111,0,1,1,1,1,1,0,20121022,20121215
39112,0,1,1,1,1,1,0,20121022,20121215
39113,1,0,0,0,0,0,0,20121022,20121215
39114,1,0,0,0,0,0,0,20121022,20121215
39115,1,0,0,0,0,0,0,20121022,20121215
39116,0,1,0,0,0,0,0,20121022,20121215
39117,0,1,0,0,0,0,0,20121022,20121215
39118,1,0,1,1,1,0,0,20121022,20121215
39119,1,0,1,1,1,0,0,20121022,20121215
39120,0,0,1,0,0,0,0,20121022,20121215
39121,0,0,1,0,0,0,0,20121022,20121215
39122,1,1,0,1,1,0,0,20121022,20121215
39123,1,1,0,1,1,0,0,20121022,20121215
39124,0,0,0,1,0,0,0,20121022,20121215
39125,0,0,0,1,0,0,0,20121022,20121215
39126,1,1,1,0,1,0,0,20121022,20121215
39127,1,1,1,0,1,0,0,20121022,20121215
39128,0,1,1,0,0,0,0,20121022,20121215
39129,0,1,1,0,0,0,0,20121022,20121215
39130,1,0,0,1,1,0,0,20121022,20121215
39131,1,0,0,1,1,0,0,20121022,20121215
39132,1,1,0,0,1,0,0,20121022,20121215
39133,1,1,0,0,1,0,0,20121022,20121215
39134,1,1,1,1,1,0,1,20121022,20121215
39135,1,1,1,1,1,0,1,20121022,20121215
39136,1,1,1,1,1,1,0,20121022,20121215
39137,1,1,1,1,1,1,0,20121022,20121215
39138,1,1,1,1,1,1,0,20121022,20121215
39139,1,1,1,1,0,0,1,20121022,20121215
39140,1,1,1,1,0,0,1,20121022,20121215
103301,1,1,1,1,1,0,0,20121022,20121108
103302,1,1,1,1,0,0,0,20121022,20121108
103303,0,1,1,1,1,0,0,20121022,20121108
103304,0,1,1,1,1,0,0,20121022,20121108
103305,0,0,0,0,1,0,0,20121022,20121108
103306,0,0,0,0,0,1,0,20121022,20121108
103307,0,0,0,0,0,1,0,20121022,20121108
103308,0,0,0,0,0,0,1,20121022,20121108
103309,0,0,0,0,0,0,1,20121022,20121108
103310,0,0,1,1,1,1,0,20121022,20121108
103311,0,1,1,1,1,1,0,20121022,20121108
103312,0,1,1,1,1,1,0,20121022,20121108
103313,1,0,0,0,0,0,0,20121022,20121108
103314,1,0,0,0,0,0,0,20121022,20121108
103315,1,0,0,0,0,0,0,20121022,20121108
103316,0,1,0,0,0,0,0,20121022,20121108
103317,0,1,0,0,0,0,0,20121022,20121108
103318,1,0,1,1,1,0,0,20121022,20121108
103319,1,0,1,1,1,0,0,20121022,20121108
103320,0,0,1,0,0,0,0,20121022,20121108
103321,0,0,1,0,0,0,0,20121022,20121108
103322,1,1,0,1,1,0,0,20121022,20121108
103323,1,1,0,1,1,0,0,20121022,20121108
103324,0,0,0,1,0,0,0,20121022,20121108
103325,0,0,0,1,0,0,0,20121022,20121108
103326,1,1,1,0,1,0,0,20121022,20121108
103327,1,1,1,0,1,0,0,20121022,20121108
103328,0,1,1,0,0,0,0,20121022,20121108
103329,0,1,1,0,0,0,0,20121022,20121108
103330,1,0,0,1,1,0,0,20121022,20121108
103331,1,0,0,1,1,0,0,20121022,20121108
103332,1,1,0,0,1,0,0,20121022,20121108
103333,1,1,0,0,1,0,0,20121022,20121108
103334,1,1,1,1,1,0,1,20121022,20121108
103335,1,1,1,1,1,0,1,20121022,20121108
103336,1,1,1,1,1,1,0,20121022,20121108
103337,1,1,1,1,1,1,0,20121022,20121108
103338,1,1,1,1,1,1,0,20121022,20121108
103339,1,1,1,1,0,0,1,20121022,20121108
103340,1,1,1,1,0,0,1,20121022,20121108
103401,1,1,1,1,1,0,0,20121109,20121115
103402,1,1,1,1,0,0,0,20121109,20121115
103403,0,1,1,1,1,0,0,20121109,20121115
103404,0,1,1,1,1,0,0,20121109,20121115
103405,0,0,0,0,1,0,0,20121109,20121115
103406,0,0,0,0,0,1,0,20121109,20121115
103407,0,0,0,0,0,1,0,20121109,20121115
103408,0,0,0,0,0,0,1,20121109,20121115
103409,0,0,0,0,0,0,1,20121109,20121115
103410,0,0,1,1,1,1,0,20121109,20121115
103411,0,1,1,1,1,1,0,20121109,20121115
103412,0,1,1,1,1,1,0,20121109,20121115
103413,1,0,0,0,0,0,0,20121109,20121115
103414,1,0,0,0,0,0,0,20121109,20121115
103415,1,0,0,0,0,0,0,20121109,20121115
103416,0,1,0,0,0,0,0,20121109,20121115
103417,0,1,0,0,0,0,0,20121109,20121115
103418,1,0,1,1,1,0,0,20121109,20121115
103419,1,0,1,1,1,0,0,20121109,20121115
103420,0,0,1,0,0,0,0,20121109,20121115
103421,0,0,1,0,0,0,0,20121109,20121115
103422,1,1,0,1,1,0,0,20121109,20121115
103423,1,1,0,1,1,0,0,20121109,20121115
103424,0,0,0,1,0,0,0,20121109,20121115
103425,0,0,0,1,0,0,0,20121109,20121115
103426,1,1,1,0,1,0,0,20121109,20121115
103427,1,1,1,0,1,0,0,20121109,20121115
103428,0,1,1,0,0,0,0,20121109,20121115
103429,0,1,1,0,0,0,0,20121109,20121115
103430,1,0,0,1,1,0,0,20121109,20121115
103431,1,0,0,1,1,0,0,20121109,20121115
103432,1,1,0,0,1,0,0,20121109,20121115
103433,1,1,0,0,1,0,0,20121109,20121115
103434,1,1,1,1,1,0,1,20121109,20121115
103435,1,1,1,1,1,0,1,20121109,20121115
103436,1,1,1,1,1,1,0,20121109,20121115
103437,1,1,1,1,1,1,0,20121109,20121115
103438,1,1,1,1,1,1,0,20121109,20121115
103439,1,1,1,1,0,0,1,20121109,20121115
103440,1,1,1,1,0,0,1,20121109,20121115
103501,1,1,1,1,1,0,0,20121116,20121124
103502,1,1,1,1,0,0,0,20121116,20121124
103503,0,1,1,1,1,0,0,20121116,20121124
103504,0,1,1,1,1,0,0,20121116,20121124
103505,0,0,0,0,1,0,0,20121116,20121124
103506,0,0,0,0,0,1,0,20121116,20121124
103507,0,0,0,0,0,1,0,20121116,20121124
103508,0,0,0,0,0,0,1,20121116,20121124
103509,0,0,0,0,0,0,1,20121116,20121124
103510,0,0,1,1,1,1,0,20121116,20121124
103511,0,1,1,1,1,1,0,20121116,20121124
103512,0,1,1,1,1,1,0,20121116,20121124
103513,1,0,0,0,0,0,0,20121116,20121124
103514,1,0,0,0,0,0,0,20121116,20121124
103515,1,0,0,0,0,0,0,20121116,20121124
103516,0,1,0,0,0,0,0,20121116,20121124
103517,0,1,0,0,0,0,0,20121116,20121124
103518,1,0,1,1,1,0,0,20121116,20121124
103519,1,0,1,1,1,0,0,20121116,20121124
103520,0,0,1,0,0,0,0,20121116,20121124
103521,0,0,1,0,0,0,0,20121116,20121124
103522,1,1,0,1,1,0,0,20121116,20121124
103523,1,1,0,1,1,0,0,20121116,20121124
103524,0,0,0,1,0,0,0,20121116,20121124
103525,0,0,0,1,0,0,0,20121116,20121124
103526,1,1,1,0,1,0,0,20121116,20121124
103527,1,1,1,0,1,0,0,20121116,20121124
103528,0,1,1,0,0,0,0,20121116,20121124
103529,0,1,1,0,0,0,0,20121116,20121124
103530,1,0,0,1,1,0,0,20121116,20121124
103531,1,0,0,1,1,0,0,20121116,20121124
103532,1,1,0,0,1,0,0,20121116,20121124
103533,1,1,0,0,1,0,0,20121116,20121124
103534,1,1,1,1,1,0,1,20121116,20121124
103535,1,1,1,1,1,0,1,20121116,20121124
103536,1,1,1,1,1,1,0,20121116,20121124
103537,1,1,1,1,1,1,0,20121116,20121124
103538,1,1,1,1,1,1,0,20121116,20121124
103539,1,1,1,1,0,0,1,20121116,20121124
103540,1,1,1,1,0,0,1,20121116,20121124
103601,1,1,1,1,1,0,0,20121125,20121215
103602,1,1,1,1,0,0,0,20121125,20121215
103603,0,1,1,1,1,0,0,20121125,20121215
103604,0,1,1,1,1,0,0,20121125,20121215
103605,0,0,0,0,1,0,0,20121125,20121215
103606,0,0,0,0,0,1,0,20121125,20121215
103607,0,0,0,0,0,1,0,20121125,20121215
103608,0,0,0,0,0,0,1,20121125,20121215
103609,0,0,0,0,0,0,1,20121125,20121215
103610,0,0,1,1,1,1,0,20121125,20121215
103611,0,1,1,1,1,1,0,20121125,20121215
103612,0,1,1,1,1,1,0,20121125,20121215
103613,1,0,0,0,0,0,0,20121125,20121215
103614,1,0,0,0,0,0,0,20121125,20121215
103615,1,0,0,0,0,0,0,20121125,20121215
103616,0,1,0,0,0,0,0,20121125,20121215
103617,0,1,0,0,0,0,0,20121125,20121215
103618,1,0,1,1,1,0,0,20121125,20121215
103619,1,0,1,1,1,0,0,20121125,20121215
103620,0,0,1,0,0,0,0,20121125,20121215
103621,0,0,1,0,0,0,0,20121125,20121215
103622,1,1,0,1,1,0,0,20121125,20121215
103623,1,1,0,1,1,0,0,20121125,20121215
103624,0,0,0,1,0,0,0,20121125,20121215
103625,0,0,0,1,0,0,0,20121125,20121215
103626,1,1,1,0,1,0,0,20121125,20121215
103627,1,1,1,0,1,0,0,20121125,20121215
103628,0,1,1,0,0,0,0,20121125,20121215
103629,0,1,1,0,0,0,0,20121125,20121215
103630,1,0,0,1,1,0,0,20121125,20121215
103631,1,0,0,1,1,0,0,20121125,20121215
103632,1,1,0,0,1,0,0,20121125,20121215
103633,1,1,0,0,1,0,0,20121125,20121215
103634,1,1,1,1,1,0,1,20121125,20121215
103635,1,1,1,1,1,0,1,20121125,20121215
103636,1,1,1,1,1,1,0,20121125,20121215
103637,1,1,1,1,1,1,0,20121125,20121215
103638,1,1,1,1,1,1,0,20121125,20121215
103639,1,1,1,1,0,0,1,20121125,20121215
103640,1,1,1,1,0,0,1,20121125,20121215
